{
 "cells": [
  {
   "cell_type": "markdown",
   "id": "1db1073d",
   "metadata": {},
   "source": [
    "We will be using Principal Component Analysis (PCA) to further reduce the dimensions (number of variables) of the dataset. We are aware that there is a shortcut to do this using the scikit-learn library, but we will be showing the complete method so that we can flex on what we researched and hopefully we can get some more marks :)\n",
    "\n",
    "From the data_exploration notebook, we have two dataframes:\n",
    "1. final_data1 (the bigger dataframe where only irrelevant variables are dropped)\n",
    "2. final_data (the more simplified dataframe where both irrelevant variables and highly correlated variables are dropped)\n",
    "\n",
    "We will be performing PCA on both dataframes to investigate whether dropping highly correlated variables help in dimensionality reduction. We will then be selecting the model which gives us as high an explained variance as possible with fewer dimensions (principal components).\n",
    "\n",
    "First, we are going to import all the necessary libraries."
   ]
  },
  {
   "cell_type": "code",
   "execution_count": 21,
   "id": "832ffbf6",
   "metadata": {},
   "outputs": [],
   "source": [
    "import pandas as pd\n",
    "import numpy as np\n",
    "import matplotlib.pyplot as plt\n",
    "import seaborn as sb"
   ]
  },
  {
   "cell_type": "code",
   "execution_count": 22,
   "id": "7b0aed05",
   "metadata": {},
   "outputs": [],
   "source": [
    "# read in dataframes from data_exploration.ipynb\n",
    "%store -r final_data\n",
    "%store -r final_data1\n",
    "\n",
    "dataframes = [final_data1, final_data]"
   ]
  },
  {
   "cell_type": "code",
   "execution_count": 23,
   "id": "82fb161e",
   "metadata": {},
   "outputs": [
    {
     "name": "stdout",
     "output_type": "stream",
     "text": [
      "Dimensions of Dataframe 1 : (191, 30) \n",
      "\n",
      "Column titles in Dataframe 1 :\n",
      "GDP per capita (current US$)\n",
      "Economy: Agriculture (% of GVA)\n",
      "Agricultural production index (2004-2006=100)\n",
      "Food production index (2004-2006=100)\n",
      "International trade: Exports (million US$)\n",
      "International trade: Imports (million US$)\n",
      "Population growth rate (average annual %)\n",
      "Urban population (% of total population)\n",
      "Urban population growth rate (average annual %)\n",
      "Fertility rate, total (live births per woman)\n",
      "Infant mortality rate (per 1000 live births\n",
      "Mobile-cellular subscriptions (per 100 inhabitants)\n",
      "Individuals using the Internet (per 100 inhabitants)\n",
      "Energy production, primary (Petajoules)\n",
      "Energy supply per capita (Gigajoules)\n",
      "Education: Secondary gross enrol. ratio (f/m per 100 pop.)-female\n",
      "Education: Secondary gross enrol. ratio (f/m per 100 pop.)-male\n",
      "Population age distribution (0-14 / 60+ years, %)-0-14 years\n",
      "Population age distribution (0-14 / 60+ years, %)-60+ years\n",
      "International migrant stock (000/% of total pop.)-in thousands\n",
      "CO2 emission estimates (million tons/tons per capita)-million tons\n",
      "CO2 emission estimates (million tons/tons per capita)-tons per capita\n",
      "Pop. using improved sanitation facilities (urban/rural, %)-Urban\n",
      "country\n",
      "Region\n",
      "Average labour force participation\n",
      "Average life expectancy\n",
      "Average pop. using improved drinking water\n",
      "Average Education: Primary gross enrol\n",
      "Health expenditure per capita\n",
      "\n",
      "\n",
      "There are a total of 30 columns in Dataframe 1 .\n",
      "\n",
      "\n",
      "\n",
      "Dimensions of Dataframe 2 : (191, 17) \n",
      "\n",
      "Column titles in Dataframe 2 :\n",
      "GDP per capita (current US$)\n",
      "Economy: Agriculture (% of GVA)\n",
      "Agricultural production index (2004-2006=100)\n",
      "International trade: Exports (million US$)\n",
      "International trade: Imports (million US$)\n",
      "Population growth rate (average annual %)\n",
      "Urban population (% of total population)\n",
      "Infant mortality rate (per 1000 live births\n",
      "Mobile-cellular subscriptions (per 100 inhabitants)\n",
      "Energy supply per capita (Gigajoules)\n",
      "country\n",
      "Region\n",
      "Average labour force participation\n",
      "Average life expectancy\n",
      "Average pop. using improved drinking water\n",
      "Average Education: Primary gross enrol\n",
      "Health expenditure per capita\n",
      "\n",
      "\n",
      "There are a total of 17 columns in Dataframe 2 .\n",
      "\n",
      "\n",
      "\n"
     ]
    }
   ],
   "source": [
    "#find the dimensions of the dataframes\n",
    "x=1\n",
    "for df in dataframes:\n",
    "    print(\"Dimensions of Dataframe\",x,\":\", df.shape,\"\\n\")\n",
    "    print(\"Column titles in Dataframe\",x,\":\")\n",
    "    n=0\n",
    "    for col in df:\n",
    "        print(col)\n",
    "        n+=1\n",
    "    print(\"\\n\")\n",
    "    print(\"There are a total of\", n, \"columns in Dataframe\",x,\".\\n\\n\\n\")\n",
    "    x+=1"
   ]
  },
  {
   "cell_type": "markdown",
   "id": "77ec465e",
   "metadata": {},
   "source": [
    "As can be seen, both dataframes have 191 entries (countries), and Dataframe 1 has 30 columns while Dataframe 2 has 17 columns. \n",
    "\n",
    "The columns are made of country, region, and the rest are metrics. We will be trying to reduce the metrics variables into a smaller number of dimensions (principal components, PC) without losing too much information (hopefully).\n",
    "\n",
    "Let's begin!!!\n",
    "\n",
    "Step 1: Data pre-processing. For this we will first be dropping the columns country and region. "
   ]
  },
  {
   "cell_type": "code",
   "execution_count": 24,
   "id": "23cc8769",
   "metadata": {},
   "outputs": [
    {
     "name": "stdout",
     "output_type": "stream",
     "text": [
      "Dataframe 1 :\n",
      "(191, 28)\n",
      "\n",
      "\n",
      "\n",
      "Dataframe 2 :\n",
      "(191, 15)\n",
      "\n",
      "\n",
      "\n"
     ]
    }
   ],
   "source": [
    "#dropping the columns country and region and using these to replace the old dataframes\n",
    "x=1\n",
    "for df in dataframes:\n",
    "    print(\"Dataframe\",x,\":\")\n",
    "    df_dropped = df.drop(labels=['country','Region'],axis=1)\n",
    "    \n",
    "    #for verification that 2 columns are dropped\n",
    "    print(df_dropped.shape)\n",
    "    print(\"\\n\\n\")\n",
    "    n=x-1\n",
    "    dataframes[n]=df_dropped\n",
    "    x+=1"
   ]
  },
  {
   "cell_type": "markdown",
   "id": "ae6799d6",
   "metadata": {},
   "source": [
    "Then, we will be doing a standard scaling of the data. This ensures that the data has a mean of 0 and a sd of 1. This is a common requirement for many machine learning estimators: they might behave badly if the individual features do not more or less look like standard normally distributed data (taken from scikit_learn)."
   ]
  },
  {
   "cell_type": "code",
   "execution_count": 25,
   "id": "b0bfbd3c",
   "metadata": {},
   "outputs": [
    {
     "name": "stdout",
     "output_type": "stream",
     "text": [
      "Dataframe 1 :\n",
      "[[-0.57992492  0.94172334  0.27654231 ... -2.09675955  0.55517885\n",
      "  -0.55373925]\n",
      " [-0.4362874   0.86667536  0.64193527 ...  0.43398198  0.71267679\n",
      "  -0.45498555]\n",
      " [-0.42902646  0.0161316   1.69751491 ... -0.50188546  0.8876745\n",
      "  -0.42061526]\n",
      " ...\n",
      " [-0.55927462  0.22459821  0.7231337  ... -2.35802255 -0.42830826\n",
      "  -0.54791169]\n",
      " [-0.55052645 -0.31741497  2.46890004 ... -1.64052417  0.01618591\n",
      "  -0.54598101]\n",
      " [-0.56850572  0.08284092 -0.77903734 ... -0.57207551 -0.24281069\n",
      "  -0.552493  ]]\n",
      "\n",
      "\n",
      "\n",
      "Dataframe 2 :\n",
      "[[-0.57992492  0.94172334  0.27654231 ... -2.09675955  0.55517885\n",
      "  -0.55373925]\n",
      " [-0.4362874   0.86667536  0.64193527 ...  0.43398198  0.71267679\n",
      "  -0.45498555]\n",
      " [-0.42902646  0.0161316   1.69751491 ... -0.50188546  0.8876745\n",
      "  -0.42061526]\n",
      " ...\n",
      " [-0.55927462  0.22459821  0.7231337  ... -2.35802255 -0.42830826\n",
      "  -0.54791169]\n",
      " [-0.55052645 -0.31741497  2.46890004 ... -1.64052417  0.01618591\n",
      "  -0.54598101]\n",
      " [-0.56850572  0.08284092 -0.77903734 ... -0.57207551 -0.24281069\n",
      "  -0.552493  ]]\n",
      "\n",
      "\n",
      "\n"
     ]
    }
   ],
   "source": [
    "#importing necessary libraries for standard scaling\n",
    "from sklearn.preprocessing import StandardScaler\n",
    "\n",
    "def dataframe_scaler(df):\n",
    "    scaler = StandardScaler()\n",
    "    \n",
    "    #computing the mean and sd\n",
    "    scaler.fit(df)\n",
    "    \n",
    "    #perform standardisation by centering and scaling\n",
    "    return scaler.transform(df)\n",
    "\n",
    "scaled_dataframes = []\n",
    "for df in dataframes:\n",
    "    scaled_dataframes.append(dataframe_scaler(df))\n",
    "    \n",
    "#verification\n",
    "x=1\n",
    "for df in scaled_dataframes:\n",
    "    print(\"Dataframe\",x,\":\")\n",
    "    print(df)\n",
    "    print(\"\\n\\n\")\n",
    "    x+=1"
   ]
  },
  {
   "cell_type": "markdown",
   "id": "9873fc2d",
   "metadata": {},
   "source": [
    "Principal components (PC) are like new axes that retains the highest variance when the points are projected onto it.\n",
    "\n",
    "PCA deals with eigen vectors and values. Eigenvectors are simply unit vectors in the direction of the PCs, and an eigenvalue is the sum of squared distances of projected points on the PC. Simply put, the higher the eigenvalue, the more the information is retained and thus the better the PC.\n",
    "\n",
    "To derive the eigen vectors and values, we need the covariance matrix of the variables (against one another).\n",
    "\n",
    "Step 2: Find covariance matrix. This can be done using the numpy covariance library."
   ]
  },
  {
   "cell_type": "code",
   "execution_count": 26,
   "id": "5e476135",
   "metadata": {},
   "outputs": [
    {
     "name": "stdout",
     "output_type": "stream",
     "text": [
      "Dataframe 1 :\n",
      "[[ 1.00526316 -0.43020619 -0.1727339  -0.17858384  0.22747494  0.24377812\n",
      "  -0.12524221  0.42589456 -0.26590614 -0.39026074 -0.41825748  0.26500529\n",
      "   0.65387997  0.09181908  0.46388961  0.43396337  0.47412052 -0.46846141\n",
      "   0.43964233  0.22077021  0.05714922  0.41007474  0.38316034 -0.07334951\n",
      "   0.49776068  0.35132856 -0.01562194  0.90126474]\n",
      " [-0.43020619  1.00526316  0.30217148  0.32584845 -0.22046177 -0.2184778\n",
      "   0.28735885 -0.5658535   0.50164204  0.65667304  0.69453824 -0.53032884\n",
      "  -0.69856162 -0.12504008 -0.41891468 -0.67349273 -0.66402787  0.67542355\n",
      "  -0.52756236 -0.18286704 -0.09218858 -0.47269293 -0.63173475  0.25557201\n",
      "  -0.64505173 -0.54612248 -0.07033553 -0.4281149 ]\n",
      " [-0.1727339   0.30217148  1.00526316  0.99925653 -0.05315576 -0.05874764\n",
      "   0.33624092 -0.0591598   0.38820112  0.26669521  0.3163706  -0.07743012\n",
      "  -0.27386902  0.04224159 -0.0252275  -0.22524175 -0.22802087  0.29990552\n",
      "  -0.34079565 -0.05523848  0.02877285 -0.01524699 -0.21219453  0.26659572\n",
      "  -0.27878253 -0.32541171  0.16402864 -0.2258491 ]\n",
      " [-0.17858384  0.32584845  0.99925653  1.00526316 -0.05738561 -0.0619099\n",
      "   0.33914016 -0.0690241   0.39045458  0.27986044  0.32949705 -0.08171229\n",
      "  -0.28480883  0.04035117 -0.03454413 -0.23397372 -0.23311191  0.31241651\n",
      "  -0.35003652 -0.05575061  0.02750342 -0.02402207 -0.21600082  0.26510919\n",
      "  -0.2872744  -0.33253144  0.15890728 -0.23087737]\n",
      " [ 0.22747494 -0.22046177 -0.05315576 -0.05738561  1.00526316  0.9507489\n",
      "  -0.17201619  0.23887614 -0.12490948 -0.25902946 -0.25879488  0.11275678\n",
      "   0.2971724   0.77131388  0.19432195  0.24572468  0.26682732 -0.31475105\n",
      "   0.34781824  0.60015736  0.84452485  0.23319739  0.20602977 -0.03281438\n",
      "   0.29947743  0.20587295  0.0090612   0.38235807]\n",
      " [ 0.24377812 -0.2184778  -0.05874764 -0.0619099   0.9507489   1.00526316\n",
      "  -0.16424594  0.2390983  -0.13189023 -0.2461028  -0.25223231  0.10625284\n",
      "   0.28880644  0.77437407  0.20099655  0.23777345  0.25545044 -0.29685427\n",
      "   0.33946906  0.78913327  0.79404979  0.23434266  0.20772177 -0.04651814\n",
      "   0.29702681  0.20665229  0.00912645  0.4437567 ]\n",
      " [-0.12524221  0.28735885  0.33624092  0.33914016 -0.17201619 -0.16424594\n",
      "   1.00526316 -0.16378778  0.80279472  0.63118595  0.52626579 -0.10952633\n",
      "  -0.39160696 -0.04043219  0.01787719 -0.51632879 -0.52110709  0.60647888\n",
      "  -0.69698631 -0.04951807 -0.0918413   0.07384495 -0.48796773  0.23715\n",
      "  -0.46287225 -0.49677686  0.04766491 -0.22348966]\n",
      " [ 0.42589456 -0.5658535  -0.0591598  -0.0690241   0.23887614  0.2390983\n",
      "  -0.16378778  1.00526316 -0.32939731 -0.51872992 -0.58691608  0.47259042\n",
      "   0.64099677  0.13635354  0.44817176  0.60069484  0.57887024 -0.56377013\n",
      "   0.4545241   0.22588474  0.08347255  0.45504589  0.50140334 -0.27660851\n",
      "   0.60164398  0.43019781  0.00921158  0.42598931]\n",
      " [-0.26590614  0.50164204  0.38820112  0.39045458 -0.12490948 -0.13189023\n",
      "   0.80279472 -0.32939731  1.00526316  0.70553127  0.6422463  -0.2916594\n",
      "  -0.56770342 -0.01499012 -0.16793978 -0.63557529 -0.64319576  0.69612999\n",
      "  -0.71583276 -0.09100856 -0.02068978 -0.16191408 -0.62394256  0.37595477\n",
      "  -0.56519951 -0.60431675  0.06153851 -0.32565851]\n",
      " [-0.39026074  0.65667304  0.26669521  0.27986044 -0.25902946 -0.2461028\n",
      "   0.63118595 -0.51872992  0.70553127  1.00526316  0.88434792 -0.51163165\n",
      "  -0.76738541 -0.13738505 -0.37952193 -0.79953984 -0.78371144  0.95822904\n",
      "  -0.73890714 -0.16386453 -0.14087257 -0.40522681 -0.78174361  0.23457626\n",
      "  -0.8402752  -0.75659072 -0.04846126 -0.40679346]\n",
      " [-0.41825748  0.69453824  0.3163706   0.32949705 -0.25879488 -0.25223231\n",
      "   0.52626579 -0.58691608  0.6422463   0.88434792  1.00526316 -0.55704158\n",
      "  -0.81034193 -0.12838952 -0.42539791 -0.84265393 -0.81713225  0.87571945\n",
      "  -0.71084699 -0.18853817 -0.11732668 -0.44293867 -0.82317213  0.29861483\n",
      "  -0.9323113  -0.7913291  -0.06013675 -0.44570077]\n",
      " [ 0.26500529 -0.53032884 -0.07743012 -0.08171229  0.11275678  0.10625284\n",
      "  -0.10952633  0.47259042 -0.2916594  -0.51163165 -0.55704158  1.00526316\n",
      "   0.57159293  0.09868109  0.42939979  0.55145661  0.53689324 -0.53743135\n",
      "   0.34114059  0.16089349  0.03479786  0.50584707  0.49208627 -0.16607797\n",
      "   0.49091373  0.49927484  0.15761564  0.23849204]\n",
      " [ 0.65387997 -0.69856162 -0.27386902 -0.28480883  0.2971724   0.28880644\n",
      "  -0.39160696  0.64099677 -0.56770342 -0.76738541 -0.81034193  0.57159293\n",
      "   1.00526316  0.13312074  0.58929872  0.77581361  0.78445736 -0.83655948\n",
      "   0.72574279  0.24359335  0.09628901  0.57555511  0.73419785 -0.24735919\n",
      "   0.8060455   0.69500366 -0.01474253  0.6572276 ]\n",
      " [ 0.09181908 -0.12504008  0.04224159  0.04035117  0.77131388  0.77437407\n",
      "  -0.04043219  0.13635354 -0.01499012 -0.13738505 -0.12838952  0.09868109\n",
      "   0.13312074  1.00526316  0.19464268  0.11721614  0.13414808 -0.15719911\n",
      "   0.09829808  0.64437486  0.92212644  0.26017631  0.0940747  -0.00889802\n",
      "   0.11143257  0.10108219  0.01807623  0.195062  ]\n",
      " [ 0.46388961 -0.41891468 -0.0252275  -0.03454413  0.19432195  0.20099655\n",
      "   0.01787719  0.44817176 -0.16793978 -0.37952193 -0.42539791  0.42939979\n",
      "   0.58929872  0.19464268  1.00526316  0.43741853  0.42416973 -0.46564475\n",
      "   0.27860744  0.25623649  0.09692289  0.84897932  0.38913593 -0.02097898\n",
      "   0.42837663  0.3541957  -0.01130332  0.41787911]\n",
      " [ 0.43396337 -0.67349273 -0.22524175 -0.23397372  0.24572468  0.23777345\n",
      "  -0.51632879  0.60069484 -0.63557529 -0.79953984 -0.84265393  0.55145661\n",
      "   0.77581361  0.11721614  0.43741853  1.00526316  0.96949495 -0.80562413\n",
      "   0.67979886  0.17119019  0.09590247  0.42441005  0.72399421 -0.3003087\n",
      "   0.80591558  0.73890927  0.1526838   0.48013967]\n",
      " [ 0.47412052 -0.66402787 -0.22802087 -0.23311191  0.26682732  0.25545044\n",
      "  -0.52110709  0.57887024 -0.64319576 -0.78371144 -0.81713225  0.53689324\n",
      "   0.78445736  0.13414808  0.42416973  0.96949495  1.00526316 -0.81184977\n",
      "   0.717485    0.20191358  0.10159435  0.40898539  0.71476121 -0.30162996\n",
      "   0.80470849  0.69817523  0.14445528  0.52448969]\n",
      " [-0.46846141  0.67542355  0.29990552  0.31241651 -0.31475105 -0.29685427\n",
      "   0.60647888 -0.56377013  0.69612999  0.95822904  0.87571945 -0.53743135\n",
      "  -0.83655948 -0.15719911 -0.46564475 -0.80562413 -0.81184977  1.00526316\n",
      "  -0.84357986 -0.20811237 -0.15448422 -0.48877995 -0.78645384  0.25529444\n",
      "  -0.86033884 -0.73620429  0.01967582 -0.49640967]\n",
      " [ 0.43964233 -0.52756236 -0.34079565 -0.35003652  0.34781824  0.33946906\n",
      "  -0.69698631  0.4545241  -0.71583276 -0.73890714 -0.71084699  0.34114059\n",
      "   0.72574279  0.09829808  0.27860744  0.67979886  0.717485   -0.84357986\n",
      "   1.00526316  0.21044729  0.12792211  0.21902387  0.60227982 -0.24368919\n",
      "   0.73492545  0.59250664 -0.07060197  0.57617626]\n",
      " [ 0.22077021 -0.18286704 -0.05523848 -0.05575061  0.60015736  0.78913327\n",
      "  -0.04951807  0.22588474 -0.09100856 -0.16386453 -0.18853817  0.16089349\n",
      "   0.24359335  0.64437486  0.25623649  0.17119019  0.20191358 -0.20811237\n",
      "   0.21044729  1.00526316  0.4652518   0.30500423  0.16590071 -0.07507064\n",
      "   0.20367526  0.16898716  0.00112706  0.41926823]\n",
      " [ 0.05714922 -0.09218858  0.02877285  0.02750342  0.84452485  0.79404979\n",
      "  -0.0918413   0.08347255 -0.02068978 -0.14087257 -0.11732668  0.03479786\n",
      "   0.09628901  0.92212644  0.09692289  0.09590247  0.10159435 -0.15448422\n",
      "   0.12792211  0.4652518   1.00526316  0.1490157   0.08357611 -0.00312022\n",
      "   0.11741984  0.10274355  0.00703946  0.14889274]\n",
      " [ 0.41007474 -0.47269293 -0.01524699 -0.02402207  0.23319739  0.23434266\n",
      "   0.07384495  0.45504589 -0.16191408 -0.40522681 -0.44293867  0.50584707\n",
      "   0.57555511  0.26017631  0.84897932  0.42441005  0.40898539 -0.48877995\n",
      "   0.21902387  0.30500423  0.1490157   1.00526316  0.42676757 -0.08580162\n",
      "   0.41552905  0.36742553 -0.01161841  0.31498071]\n",
      " [ 0.38316034 -0.63173475 -0.21219453 -0.21600082  0.20602977  0.20772177\n",
      "  -0.48796773  0.50140334 -0.62394256 -0.78174361 -0.82317213  0.49208627\n",
      "   0.73419785  0.0940747   0.38913593  0.72399421  0.71476121 -0.78645384\n",
      "   0.60227982  0.16590071  0.08357611  0.42676757  1.00526316 -0.38495958\n",
      "   0.82273772  0.72678185 -0.03320945  0.39120542]\n",
      " [-0.07334951  0.25557201  0.26659572  0.26510919 -0.03281438 -0.04651814\n",
      "   0.23715    -0.27660851  0.37595477  0.23457626  0.29861483 -0.16607797\n",
      "  -0.24735919 -0.00889802 -0.02097898 -0.3003087  -0.30162996  0.25529444\n",
      "  -0.24368919 -0.07507064 -0.00312022 -0.08580162 -0.38495958  1.00526316\n",
      "  -0.30836936 -0.2518151   0.0659537  -0.07647869]\n",
      " [ 0.49776068 -0.64505173 -0.27878253 -0.2872744   0.29947743  0.29702681\n",
      "  -0.46287225  0.60164398 -0.56519951 -0.8402752  -0.9323113   0.49091373\n",
      "   0.8060455   0.11143257  0.42837663  0.80591558  0.80470849 -0.86033884\n",
      "   0.73492545  0.20367526  0.11741984  0.41552905  0.82273772 -0.30836936\n",
      "   1.00526316  0.74064482  0.06456876  0.54901827]\n",
      " [ 0.35132856 -0.54612248 -0.32541171 -0.33253144  0.20587295  0.20665229\n",
      "  -0.49677686  0.43019781 -0.60431675 -0.75659072 -0.7913291   0.49927484\n",
      "   0.69500366  0.10108219  0.3541957   0.73890927  0.69817523 -0.73620429\n",
      "   0.59250664  0.16898716  0.10274355  0.36742553  0.72678185 -0.2518151\n",
      "   0.74064482  1.00526316  0.07543246  0.37315035]\n",
      " [-0.01562194 -0.07033553  0.16402864  0.15890728  0.0090612   0.00912645\n",
      "   0.04766491  0.00921158  0.06153851 -0.04846126 -0.06013675  0.15761564\n",
      "  -0.01474253  0.01807623 -0.01130332  0.1526838   0.14445528  0.01967582\n",
      "  -0.07060197  0.00112706  0.00703946 -0.01161841 -0.03320945  0.0659537\n",
      "   0.06456876  0.07543246  1.00526316 -0.01720339]\n",
      " [ 0.90126474 -0.4281149  -0.2258491  -0.23087737  0.38235807  0.4437567\n",
      "  -0.22348966  0.42598931 -0.32565851 -0.40679346 -0.44570077  0.23849204\n",
      "   0.6572276   0.195062    0.41787911  0.48013967  0.52448969 -0.49640967\n",
      "   0.57617626  0.41926823  0.14889274  0.31498071  0.39120542 -0.07647869\n",
      "   0.54901827  0.37315035 -0.01720339  1.00526316]]\n",
      "\n",
      "\n",
      "\n",
      "Dataframe 2 :\n",
      "[[ 1.00526316 -0.43020619 -0.1727339   0.22747494  0.24377812 -0.12524221\n",
      "   0.42589456 -0.41825748  0.26500529  0.46388961 -0.07334951  0.49776068\n",
      "   0.35132856 -0.01562194  0.90126474]\n",
      " [-0.43020619  1.00526316  0.30217148 -0.22046177 -0.2184778   0.28735885\n",
      "  -0.5658535   0.69453824 -0.53032884 -0.41891468  0.25557201 -0.64505173\n",
      "  -0.54612248 -0.07033553 -0.4281149 ]\n",
      " [-0.1727339   0.30217148  1.00526316 -0.05315576 -0.05874764  0.33624092\n",
      "  -0.0591598   0.3163706  -0.07743012 -0.0252275   0.26659572 -0.27878253\n",
      "  -0.32541171  0.16402864 -0.2258491 ]\n",
      " [ 0.22747494 -0.22046177 -0.05315576  1.00526316  0.9507489  -0.17201619\n",
      "   0.23887614 -0.25879488  0.11275678  0.19432195 -0.03281438  0.29947743\n",
      "   0.20587295  0.0090612   0.38235807]\n",
      " [ 0.24377812 -0.2184778  -0.05874764  0.9507489   1.00526316 -0.16424594\n",
      "   0.2390983  -0.25223231  0.10625284  0.20099655 -0.04651814  0.29702681\n",
      "   0.20665229  0.00912645  0.4437567 ]\n",
      " [-0.12524221  0.28735885  0.33624092 -0.17201619 -0.16424594  1.00526316\n",
      "  -0.16378778  0.52626579 -0.10952633  0.01787719  0.23715    -0.46287225\n",
      "  -0.49677686  0.04766491 -0.22348966]\n",
      " [ 0.42589456 -0.5658535  -0.0591598   0.23887614  0.2390983  -0.16378778\n",
      "   1.00526316 -0.58691608  0.47259042  0.44817176 -0.27660851  0.60164398\n",
      "   0.43019781  0.00921158  0.42598931]\n",
      " [-0.41825748  0.69453824  0.3163706  -0.25879488 -0.25223231  0.52626579\n",
      "  -0.58691608  1.00526316 -0.55704158 -0.42539791  0.29861483 -0.9323113\n",
      "  -0.7913291  -0.06013675 -0.44570077]\n",
      " [ 0.26500529 -0.53032884 -0.07743012  0.11275678  0.10625284 -0.10952633\n",
      "   0.47259042 -0.55704158  1.00526316  0.42939979 -0.16607797  0.49091373\n",
      "   0.49927484  0.15761564  0.23849204]\n",
      " [ 0.46388961 -0.41891468 -0.0252275   0.19432195  0.20099655  0.01787719\n",
      "   0.44817176 -0.42539791  0.42939979  1.00526316 -0.02097898  0.42837663\n",
      "   0.3541957  -0.01130332  0.41787911]\n",
      " [-0.07334951  0.25557201  0.26659572 -0.03281438 -0.04651814  0.23715\n",
      "  -0.27660851  0.29861483 -0.16607797 -0.02097898  1.00526316 -0.30836936\n",
      "  -0.2518151   0.0659537  -0.07647869]\n",
      " [ 0.49776068 -0.64505173 -0.27878253  0.29947743  0.29702681 -0.46287225\n",
      "   0.60164398 -0.9323113   0.49091373  0.42837663 -0.30836936  1.00526316\n",
      "   0.74064482  0.06456876  0.54901827]\n",
      " [ 0.35132856 -0.54612248 -0.32541171  0.20587295  0.20665229 -0.49677686\n",
      "   0.43019781 -0.7913291   0.49927484  0.3541957  -0.2518151   0.74064482\n",
      "   1.00526316  0.07543246  0.37315035]\n",
      " [-0.01562194 -0.07033553  0.16402864  0.0090612   0.00912645  0.04766491\n",
      "   0.00921158 -0.06013675  0.15761564 -0.01130332  0.0659537   0.06456876\n",
      "   0.07543246  1.00526316 -0.01720339]\n",
      " [ 0.90126474 -0.4281149  -0.2258491   0.38235807  0.4437567  -0.22348966\n",
      "   0.42598931 -0.44570077  0.23849204  0.41787911 -0.07647869  0.54901827\n",
      "   0.37315035 -0.01720339  1.00526316]]\n",
      "\n",
      "\n",
      "\n"
     ]
    }
   ],
   "source": [
    "def covmat(df):\n",
    "    #first transpose the dataset, then apply the covariance method\n",
    "    return np.cov(df.T)\n",
    "\n",
    "covmats=[]\n",
    "for df in scaled_dataframes:\n",
    "    covmats.append(covmat(df))\n",
    "    \n",
    "#verification\n",
    "x=1\n",
    "for matrix in covmats:\n",
    "    print(\"Dataframe\",x,\":\")\n",
    "    print(matrix)\n",
    "    print(\"\\n\\n\")\n",
    "    x+=1"
   ]
  },
  {
   "cell_type": "markdown",
   "id": "edf9c7f6",
   "metadata": {},
   "source": [
    "Step 3: Now that we have the covariance matrix, we can perform an eigendecomposition on the covariance matrix to get our eigenvectors and values. This can be done using the numpy.linalg.eig method."
   ]
  },
  {
   "cell_type": "code",
   "execution_count": 27,
   "id": "673e6e94",
   "metadata": {},
   "outputs": [
    {
     "name": "stdout",
     "output_type": "stream",
     "text": [
      "Dataframe 1 :\n",
      "Eigenvectors:\n",
      " [[ 1.67302224e-01 -4.39156853e-02 -1.56601190e-01  3.76325405e-01\n",
      "   4.13408778e-01  7.60311597e-02 -1.21995312e-01  1.82178472e-03\n",
      "  -2.33579638e-01 -4.81336510e-02  2.84323034e-01 -5.94235896e-02\n",
      "   4.70587998e-02  1.90820646e-01 -1.21069776e-01  4.93450964e-03\n",
      "  -2.26780992e-01  7.73560759e-02  1.95417771e-02  2.28521767e-02\n",
      "   9.82237546e-02 -4.49892775e-01 -3.12907938e-01  1.27505959e-01\n",
      "   1.63347449e-01 -7.32215392e-02 -3.49824371e-02  8.77159150e-04]\n",
      " [-2.17902488e-01 -4.17359428e-02  7.64945715e-02 -5.69024126e-02\n",
      "   1.53406816e-01 -1.15414851e-01  4.97955171e-02 -2.26017386e-01\n",
      "  -5.39878121e-02 -3.00116157e-01 -6.04163511e-02  7.62543668e-01\n",
      "  -1.48337098e-03  1.32221842e-01 -2.04510065e-01 -1.77533607e-01\n",
      "  -1.42832172e-01 -2.29282715e-01 -3.04883783e-02  2.60180756e-03\n",
      "  -5.25834443e-02 -3.20336246e-02  5.88187786e-02  4.61849417e-03\n",
      "  -3.84077557e-03 -1.27536231e-02 -1.19145742e-02 -2.89044500e-02]\n",
      " [-1.02201132e-01 -1.25263760e-01 -3.80324155e-01 -4.18948080e-01\n",
      "   2.58113514e-01 -2.19947124e-01 -1.04869159e-01 -4.12955204e-02\n",
      "   8.54817127e-03 -2.31703362e-02  5.90078031e-02 -9.18932802e-02\n",
      "  -1.40721465e-02 -1.47644610e-02  5.66842742e-02  9.56155770e-02\n",
      "   2.20179109e-02  5.28237569e-02 -4.13328867e-02 -4.24361825e-02\n",
      "   2.55591629e-02 -1.33951448e-02  3.03294954e-02 -1.88829987e-02\n",
      "   2.81481384e-02  2.71682178e-02  1.25136038e-02 -7.00078242e-01]\n",
      " [-1.05317858e-01 -1.25250713e-01 -3.76134056e-01 -4.18246069e-01\n",
      "   2.58929889e-01 -2.23531898e-01 -1.09563686e-01 -5.03882033e-02\n",
      "   1.03857659e-02 -3.69908765e-02  6.83060276e-02 -6.46845244e-02\n",
      "  -4.35361512e-04 -1.36329182e-02  5.03626487e-02  5.98572391e-02\n",
      "   1.60410683e-02  1.93745878e-02 -4.29774563e-02 -2.19112618e-02\n",
      "   1.90181743e-02  1.95372463e-02 -2.66145479e-02  3.08912385e-03\n",
      "  -3.52716906e-02  2.62502437e-03 -3.02498407e-03  7.09187460e-01]\n",
      " [ 1.18315649e-01 -4.12994858e-01  1.47102643e-01 -4.75553914e-02\n",
      "   2.49261320e-02  1.66716947e-02  1.21724592e-02  1.40844957e-01\n",
      "  -9.28539752e-02  7.19890770e-02 -2.58934422e-02  1.10728513e-01\n",
      "  -1.84975851e-01 -1.39095815e-01  4.03615237e-01 -1.58458708e-01\n",
      "  -2.70786043e-01  1.85216090e-02 -1.49683989e-02 -6.35701842e-02\n",
      "  -3.36598611e-02 -1.02885755e-01 -8.62632603e-02 -4.62258318e-01\n",
      "   8.82356338e-02 -2.29803176e-02  4.27851028e-01  1.38377776e-02]\n",
      " [ 1.19357996e-01 -4.27745914e-01  1.46789637e-01 -8.14350711e-03\n",
      "   4.41175120e-02  3.00708268e-02 -5.10964627e-02 -1.70065905e-03\n",
      "   1.38611799e-01 -6.03252290e-02 -1.07170986e-01  1.30709959e-03\n",
      "  -1.19079263e-01 -1.05826045e-01  2.72712997e-01 -1.12726019e-01\n",
      "  -1.92358662e-01  7.68646136e-02 -3.88017550e-02 -5.99933283e-02\n",
      "  -7.19462497e-02  6.28254851e-03  5.13545171e-02  2.49412834e-01\n",
      "   2.57867020e-02  3.42142527e-02 -7.13405066e-01 -7.35184372e-03]\n",
      " [-1.62418240e-01 -1.15576306e-01 -3.44692553e-01  2.25348735e-01\n",
      "  -1.96184685e-01  1.20064391e-01 -1.37291273e-01  2.97258311e-01\n",
      "  -3.97888030e-02 -2.05775980e-01 -5.12404723e-02 -2.84172420e-02\n",
      "  -1.37305856e-02 -1.89931265e-01  2.43486219e-02  2.15704053e-01\n",
      "  -2.41062692e-02 -4.32626671e-01 -3.56538416e-01  2.20412265e-01\n",
      "  -3.45300827e-01 -1.05173176e-01  6.42693010e-02  6.26476387e-03\n",
      "   2.02765173e-02 -3.79483482e-02 -5.90983759e-03 -3.23367952e-03]\n",
      " [ 1.88865994e-01 -1.52534536e-02 -1.96415628e-01  2.05932579e-02\n",
      "  -4.22995648e-02 -7.96236353e-02 -3.25882412e-01  3.33659770e-01\n",
      "   1.97013771e-01  4.08198930e-01 -3.86170304e-01  2.13395018e-01\n",
      "   8.45719293e-02  5.15556916e-01 -5.52493460e-03 -9.22483304e-02\n",
      "  -2.45981858e-02 -1.73240717e-02  6.41407560e-02  1.02444251e-01\n",
      "  -1.02895822e-02 -6.98393596e-04  7.62928463e-03  2.73511530e-03\n",
      "  -4.58519845e-02 -2.23586941e-03 -5.82622075e-03 -3.40796613e-03]\n",
      " [-2.04028062e-01 -1.44695251e-01 -2.30583361e-01  1.19521421e-01\n",
      "  -6.48666804e-02  1.33821416e-01 -1.46564330e-02  3.50870231e-01\n",
      "  -5.73572637e-02 -2.42088729e-01 -1.59128418e-01  1.79243849e-01\n",
      "  -1.05241867e-01 -2.35308845e-01 -1.27862897e-01  1.32630929e-01\n",
      "   8.81849186e-02  3.48428425e-01  5.75143929e-01 -2.30929819e-02\n",
      "   1.84990960e-01 -3.04427086e-02  6.71772418e-02 -1.00063254e-02\n",
      "  -3.75427737e-02 -5.21649115e-02 -1.53081106e-02  1.33833413e-02]\n",
      " [-2.55812710e-01 -7.58943799e-02 -2.98940681e-02  1.67370839e-01\n",
      "  -5.83743587e-03  4.19032348e-02 -1.67624406e-01 -5.13945972e-02\n",
      "   1.48426675e-02  5.79102576e-02  3.91400139e-02  8.67683172e-02\n",
      "   1.58951629e-01 -8.79735970e-02  3.11066138e-01 -2.17476957e-01\n",
      "   3.94311352e-01 -1.42313034e-01 -5.77538606e-02  5.08003147e-02\n",
      "   4.00576637e-01 -1.14094819e-01 -1.22232645e-01  5.85843126e-02\n",
      "   2.35931903e-02  5.50798782e-01  1.50155094e-02 -1.33473649e-03]\n",
      " [-2.62853736e-01 -7.58582389e-02  7.45733118e-03  1.01889472e-01\n",
      "   6.54291915e-02 -2.28300658e-02 -5.02429328e-02 -1.50642088e-01\n",
      "   3.20200940e-02  1.95333600e-01  1.37308977e-01  9.99735347e-03\n",
      "   3.81355826e-02  1.25738391e-03  1.61693779e-01  5.91628712e-02\n",
      "  -6.41893192e-02 -1.29441742e-01  3.95624215e-01  3.02060166e-01\n",
      "  -2.82195443e-01  4.59439525e-01 -4.06881332e-01  1.15248148e-01\n",
      "   2.19101392e-01 -8.77320668e-02  2.78761787e-02 -2.81840277e-02]\n",
      " [ 1.69124939e-01  3.07330275e-02 -2.37798197e-01 -6.99329209e-02\n",
      "  -2.87407091e-01  1.47897590e-01  2.56634250e-02  1.08901649e-01\n",
      "   4.34842851e-01  3.40398602e-02  6.73150154e-01  2.74121708e-01\n",
      "  -1.40121251e-01 -4.70455560e-03 -1.55998913e-02 -1.77391430e-01\n",
      "   1.82582155e-02  1.29232964e-01 -5.03605052e-02  1.29921125e-02\n",
      "  -9.25433668e-03  2.55343520e-02 -2.83985750e-02  9.20344889e-03\n",
      "   1.77065299e-02 -1.49395165e-02 -1.17588960e-02 -9.35883234e-03]\n",
      " [ 2.59601948e-01  2.60989838e-02 -1.14243822e-01  1.04955140e-01\n",
      "   6.39646490e-02 -3.45181024e-02  1.01881762e-02  5.55058387e-02\n",
      "  -2.00187857e-02  4.53963742e-03  5.77373091e-02  4.78495168e-02\n",
      "  -7.81394176e-02 -9.24911848e-03  9.35045326e-02  1.21196830e-01\n",
      "   1.46682227e-01 -5.01618249e-01  2.59417318e-01 -7.06696568e-01\n",
      "  -1.95224235e-02  1.34413047e-01 -3.18024134e-02  6.36945350e-02\n",
      "   1.38457873e-02 -1.23624041e-02 -2.35328690e-03 -1.66402340e-03]\n",
      " [ 7.23893876e-02 -4.39838207e-01  9.49224278e-02 -8.64024319e-02\n",
      "  -1.55446441e-01 -1.18929177e-02  4.60204178e-02 -3.39407217e-03\n",
      "  -1.41693161e-01  6.60093200e-02  1.45437532e-01 -4.63657307e-02\n",
      "   2.17915999e-01  1.50256037e-01 -4.10652028e-01  1.16521630e-01\n",
      "   2.95601008e-01 -1.20747042e-01  2.60386517e-02  4.93514353e-02\n",
      "   6.97369360e-02  3.11416557e-02 -2.80975563e-02 -4.50679974e-01\n",
      "   2.74337588e-01 -1.55547465e-03 -2.61062915e-01  1.23958404e-02]\n",
      " [ 1.54539575e-01 -7.95289014e-02 -3.48913813e-01  2.22442779e-01\n",
      "  -1.50645814e-01 -1.43909808e-01  2.35495487e-01 -3.67276926e-01\n",
      "  -1.81803448e-01  1.25754652e-01 -1.75417296e-01  1.37233895e-01\n",
      "  -1.98413663e-02 -4.16335763e-02  9.72207684e-02 -1.22653849e-01\n",
      "   3.53762911e-01  3.28234237e-01 -5.30820923e-02 -8.28151385e-02\n",
      "  -4.19900491e-01 -1.27602182e-01 -6.66117061e-02 -8.39158497e-03\n",
      "  -3.67343662e-03 -1.78006481e-03 -2.43832245e-03  5.61681959e-03]\n",
      " [ 2.53676392e-01  6.99464095e-02 -5.36939087e-02 -1.39119052e-01\n",
      "   1.19374283e-02  1.07729278e-01 -4.19455257e-02  3.44362702e-03\n",
      "  -3.18418369e-02  8.54960987e-02 -7.43004082e-02  1.27322066e-01\n",
      "   4.69800915e-01 -3.33483867e-01 -5.50600083e-03 -5.49659915e-02\n",
      "  -1.22779096e-01  2.95622431e-02  4.59734056e-02  1.47635913e-02\n",
      "  -2.60496618e-02 -1.60099735e-04  2.99796197e-01  2.38581214e-01\n",
      "   5.84826174e-01  4.62778620e-02  1.38132199e-01  3.10971107e-02]\n",
      " [ 2.53976058e-01  5.84198549e-02 -4.17760739e-02 -1.18193443e-01\n",
      "   6.29924232e-02  1.05659448e-01 -6.31451358e-02 -2.46248231e-02\n",
      "  -1.60746718e-02  1.06193901e-01 -3.22712693e-02  1.19929004e-01\n",
      "   4.25207850e-01 -4.22106857e-01 -7.75648229e-02 -6.13922008e-02\n",
      "  -7.12040483e-02 -1.10448088e-01  7.95731224e-02  1.02567299e-01\n",
      "  -1.04784628e-02 -3.93689689e-02 -3.18617910e-01 -1.66058253e-01\n",
      "  -5.57996080e-01 -7.20185243e-02 -1.31263574e-01 -4.76650886e-02]\n",
      " [-2.67788270e-01 -5.29336413e-02 -1.42542466e-02  7.98540061e-02\n",
      "  -2.68781628e-02  9.62389413e-02 -1.49859948e-01 -3.10913169e-02\n",
      "  -6.11479517e-03 -1.87455306e-02  2.71576327e-02 -2.38348742e-02\n",
      "   2.66095721e-01  5.19796295e-02  2.20373229e-01 -2.45610166e-01\n",
      "   1.96426000e-01  3.81887990e-02 -1.54340286e-01 -1.69154787e-01\n",
      "   1.96266739e-01  4.31898181e-02  6.28081404e-02  8.64109329e-03\n",
      "   9.72275489e-03 -7.51063891e-01 -1.01210937e-02 -1.52100287e-02]\n",
      " [ 2.33416036e-01  4.55267220e-02  1.59018823e-01 -3.06303678e-02\n",
      "   2.49285071e-01 -9.26499765e-02  5.29752866e-02 -2.77745407e-02\n",
      "   1.30363044e-01  1.87645168e-01 -3.15621310e-02  1.95600091e-01\n",
      "  -3.50150860e-01 -2.15441736e-01  9.08515524e-02  2.73837150e-01\n",
      "   4.00329852e-01 -1.69761389e-01  2.26887028e-02  3.67499449e-01\n",
      "   1.62741676e-01 -2.14922942e-01  7.66850634e-02  6.85722312e-02\n",
      "   8.09393612e-02 -2.90841094e-01 -9.24813973e-03  7.31968799e-03]\n",
      " [ 9.72276053e-02 -3.52508211e-01  4.84908430e-02  9.82663324e-02\n",
      "  -2.98460650e-02  3.20393401e-02 -1.42634996e-01 -3.35639983e-01\n",
      "   6.01371908e-01 -2.69826940e-01 -1.97067474e-01 -1.68216661e-01\n",
      "   9.62381126e-02  7.04011352e-03 -1.98826638e-01  9.34808815e-02\n",
      "   3.19831957e-02 -1.27685786e-02  4.92036144e-02 -4.21023335e-02\n",
      "   4.14901577e-04 -1.08669971e-01 -1.09349170e-01  1.32452802e-01\n",
      "  -3.90651848e-02 -1.86683617e-02  3.34095653e-01 -2.69429071e-03]\n",
      " [ 6.50067235e-02 -4.25821774e-01  1.60163496e-01 -1.38104851e-01\n",
      "  -1.09514191e-01 -1.62201442e-02  8.06622778e-02  1.67122316e-01\n",
      "  -3.47707701e-01  1.09734535e-01  1.88794669e-01  4.63535131e-02\n",
      "   5.83661722e-02  9.66666711e-02 -8.46971313e-02  2.70451067e-02\n",
      "   1.11312647e-01 -1.63822534e-03 -3.78791297e-02  4.50534734e-02\n",
      "  -2.52051002e-02  5.08980907e-02  5.95681905e-02  5.77242175e-01\n",
      "  -3.04746010e-01 -5.75181451e-03  2.87314697e-01 -1.86506001e-02]\n",
      " [ 1.55775143e-01 -1.01585619e-01 -3.51993083e-01  1.75617965e-01\n",
      "  -2.95196824e-01 -1.52930667e-01  1.88800605e-01 -3.05046067e-01\n",
      "  -1.25195975e-01  6.79164708e-02 -6.44072131e-02 -3.36771141e-02\n",
      "  -9.00044572e-02 -6.48138568e-03  2.23860657e-02  3.82231991e-02\n",
      "  -3.50542575e-01 -1.72265503e-01  1.03876546e-02  1.84539420e-01\n",
      "   5.38957417e-01  1.91914486e-01  1.11843712e-01  2.35160119e-02\n",
      "  -4.60694350e-02 -8.02965104e-02 -8.87788052e-03 -6.05297311e-03]\n",
      " [ 2.37554574e-01  8.03780640e-02 -2.29490521e-02 -1.21211326e-01\n",
      "  -7.79065172e-02 -1.48756428e-01 -6.84687640e-02  4.08502445e-02\n",
      "  -1.11874450e-01 -3.81928104e-01  1.76624963e-02 -2.71759189e-01\n",
      "  -7.59561057e-02  8.93882838e-02  4.14373963e-02 -5.68258678e-01\n",
      "   1.42488928e-01 -2.38675232e-01  3.49295411e-01  2.84446340e-01\n",
      "  -1.11885912e-01 -1.02921512e-01  1.03076515e-01  6.15161855e-04\n",
      "   3.33574890e-03 -4.70868275e-02  3.36515608e-03 -1.50710379e-02]\n",
      " [-9.66084697e-02 -8.78221634e-02 -1.43594412e-01  1.25543620e-02\n",
      "   3.02642375e-01  1.47931707e-01  7.75176023e-01  2.57077866e-01\n",
      "   2.51337417e-01  4.52997156e-02 -1.16731759e-01 -9.60335582e-02\n",
      "   1.55957912e-01  1.00727889e-01  4.01723791e-04 -1.85875908e-01\n",
      "   2.10133579e-02 -1.31373186e-01 -2.45286893e-02  5.63379958e-02\n",
      "   2.94251726e-02 -1.90454017e-03 -3.64448309e-02  2.80071162e-02\n",
      "   8.95968081e-03  2.39604411e-03  7.97486347e-03 -3.98751122e-03]\n",
      " [ 2.58809916e-01  5.25660119e-02 -2.67400018e-02 -5.81850454e-02\n",
      "   4.05218252e-02  2.41947600e-02 -3.95926559e-02  1.95671541e-01\n",
      "  -9.77698417e-02 -2.79447096e-01 -2.21981546e-01  6.18105343e-02\n",
      "  -1.80809327e-01 -8.82177277e-02 -1.46619610e-01 -1.32187927e-01\n",
      "   1.47974339e-01  1.31431820e-01 -3.59111757e-01 -8.36618574e-03\n",
      "   1.73016042e-01  4.23549161e-01 -4.86700926e-01  9.08388300e-02\n",
      "   1.96460621e-01 -1.90321333e-02  4.29402378e-02 -2.04280754e-02]\n",
      " [ 2.28668151e-01  8.01504056e-02  2.99750543e-02 -9.76866460e-02\n",
      "  -8.98524046e-02  7.55051674e-02  1.27206407e-01 -3.28593555e-03\n",
      "  -3.64309325e-02 -4.30083333e-01  4.35138332e-02  1.32012984e-01\n",
      "   3.09059908e-01  3.59171263e-01  4.89788665e-01  4.34847663e-01\n",
